# B2 foot_force log
# interface: enp8s0
# started: 2026-09-01T18:01:44
# format: sample_idx timestamp foot_force[FL,FR,RL,RR]
0 2026-09-01T18:01:44.232 508 499 506 567
1 2026-09-01T18:01:44.252 507 495 509 569
2 2026-09-01T18:01:44.273 505 497 509 566
3 2026-09-01T18:01:44.293 508 498 510 566
4 2026-09-01T18:01:44.313 506 500 509 566
5 2026-09-01T18:01:44.333 506 497 505 568
6 2026-09-01T18:01:44.353 499 494 508 568
7 2026-09-01T18:01:44.374 507 495 505 568
8 2026-09-01T18:01:44.394 507 496 502 567
9 2026-09-01T18:01:44.414 508 499 509 566
10 2026-09-01T18:01:44.434 509 497 509 565
11 2026-09-01T18:01:44.454 501 497 504 566
12 2026-09-01T18:01:44.475 508 495 509 565
13 2026-09-01T18:01:44.495 506 498 509 563
14 2026-09-01T18:01:44.514 502 497 504 564
15 2026-09-01T18:01:44.535 506 495 505 565
16 2026-09-01T18:01:44.555 508 496 509 566
17 2026-09-01T18:01:44.575 507 493 512 569
18 2026-09-01T18:01:44.595 504 495 510 568
19 2026-09-01T18:01:44.615 507 496 512 542
20 2026-09-01T18:01:44.636 507 499 510 568
21 2026-09-01T18:01:44.656 505 498 507 566
22 2026-09-01T18:01:44.676 506 496 507 565
23 2026-09-01T18:01:44.696 508 497 509 568
24 2026-09-01T18:01:44.716 508 497 508 566
25 2026-09-01T18:01:44.736 509 498 508 564
26 2026-09-01T18:01:44.757 504 497 509 567
27 2026-09-01T18:01:44.777 505 497 506 562
28 2026-09-01T18:01:44.796 507 495 510 568
29 2026-09-01T18:01:44.817 505 497 508 564
30 2026-09-01T18:01:44.837 506 492 509 564
31 2026-09-01T18:01:44.857 508 499 508 567
32 2026-09-01T18:01:44.878 507 494 505 568
33 2026-09-01T18:01:44.898 507 497 507 566
34 2026-09-01T18:01:44.918 507 495 506 564
35 2026-09-01T18:01:44.938 507 497 508 570
36 2026-09-01T18:01:44.958 507 498 509 567
37 2026-09-01T18:01:44.979 506 496 505 566
38 2026-09-01T18:01:44.999 507 496 504 562
39 2026-09-01T18:01:45.018 507 496 507 568
40 2026-09-01T18:01:45.039 505 496 508 563
41 2026-09-01T18:01:45.059 506 497 507 565
42 2026-09-01T18:01:45.079 508 499 512 566
43 2026-09-01T18:01:45.099 506 499 509 614
44 2026-09-01T18:01:45.119 505 496 509 565
45 2026-09-01T18:01:45.139 508 495 499 568
46 2026-09-01T18:01:45.160 499 496 502 566
47 2026-09-01T18:01:45.180 508 497 510 568
48 2026-09-01T18:01:45.200 505 496 505 565
49 2026-09-01T18:01:45.220 509 496 507 566
50 2026-09-01T18:01:45.240 508 498 512 566
51 2026-09-01T18:01:45.261 505 496 507 566
52 2026-09-01T18:01:45.281 508 497 512 566
53 2026-09-01T18:01:45.300 508 497 512 565
54 2026-09-01T18:01:45.321 507 494 507 561
55 2026-09-01T18:01:45.341 508 498 512 564
56 2026-09-01T18:01:45.361 506 496 509 566
57 2026-09-01T18:01:45.381 507 499 509 566
58 2026-09-01T18:01:45.401 505 496 506 565
59 2026-09-01T18:01:45.422 508 499 508 567
60 2026-09-01T18:01:45.442 508 498 508 563
61 2026-09-01T18:01:45.462 508 494 506 569
62 2026-09-01T18:01:45.482 510 495 509 566
63 2026-09-01T18:01:45.502 506 496 502 569
64 2026-09-01T18:01:45.522 506 496 508 562
65 2026-09-01T18:01:45.543 507 496 508 569
66 2026-09-01T18:01:45.563 505 497 510 566
67 2026-09-01T18:01:45.583 507 497 504 565
68 2026-09-01T18:01:45.603 508 498 512 567
69 2026-09-01T18:01:45.623 505 496 506 568
70 2026-09-01T18:01:45.643 507 496 512 569
71 2026-09-01T18:01:45.664 508 495 512 567
72 2026-09-01T18:01:45.684 506 497 507 565
73 2026-09-01T18:01:45.704 509 499 508 567
74 2026-09-01T18:01:45.724 500 499 507 566
75 2026-09-01T18:01:45.744 507 497 507 568
76 2026-09-01T18:01:45.764 502 497 504 564
77 2026-09-01T18:01:45.785 508 497 504 566
78 2026-09-01T18:01:45.805 508 499 504 561
79 2026-09-01T18:01:45.825 507 495 509 566
80 2026-09-01T18:01:45.845 505 496 504 566
81 2026-09-01T18:01:45.865 505 495 509 565
82 2026-09-01T18:01:45.886 501 497 507 568
83 2026-09-01T18:01:45.906 508 498 509 565
84 2026-09-01T18:01:45.925 507 497 509 567
85 2026-09-01T18:01:45.946 501 497 506 566
86 2026-09-01T18:01:45.966 501 497 501 567
87 2026-09-01T18:01:45.985 506 496 510 566
88 2026-09-01T18:01:46.006 509 495 506 564
89 2026-09-01T18:01:46.027 506 497 508 566
90 2026-09-01T18:01:46.046 509 499 507 565
91 2026-09-01T18:01:46.067 506 496 507 565
92 2026-09-01T18:01:46.087 508 497 508 565
93 2026-09-01T18:01:46.107 508 497 507 566
94 2026-09-01T18:01:46.127 505 495 508 564
95 2026-09-01T18:01:46.147 499 499 506 565
96 2026-09-01T18:01:46.168 502 495 510 564
97 2026-09-01T18:01:46.188 507 498 505 566
98 2026-09-01T18:01:46.208 507 498 509 566
99 2026-09-01T18:01:46.228 509 498 504 561
100 2026-09-01T18:01:46.248 508 495 505 565
101 2026-09-01T18:01:46.268 507 494 505 564
102 2026-09-01T18:01:46.289 505 496 508 566
103 2026-09-01T18:01:46.308 505 496 508 566
104 2026-09-01T18:01:46.328 507 496 505 569
105 2026-09-01T18:01:46.349 505 498 509 567
106 2026-09-01T18:01:46.369 506 498 506 565
107 2026-09-01T18:01:46.389 508 497 506 566
108 2026-09-01T18:01:46.410 509 495 507 564
109 2026-09-01T18:01:46.430 507 500 512 564
110 2026-09-01T18:01:46.450 505 501 509 566
111 2026-09-01T18:01:46.470 505 498 509 568
112 2026-09-01T18:01:46.490 508 497 508 566
113 2026-09-01T18:01:46.511 509 496 507 568
114 2026-09-01T18:01:46.531 506 496 509 567
115 2026-09-01T18:01:46.551 507 498 505 564
116 2026-09-01T18:01:46.571 507 497 508 568
117 2026-09-01T18:01:46.591 509 498 510 565
118 2026-09-01T18:01:46.611 508 499 506 565
119 2026-09-01T18:01:46.631 507 494 512 568
120 2026-09-01T18:01:46.652 508 497 506 567
121 2026-09-01T18:01:46.671 507 496 502 567
122 2026-09-01T18:01:46.691 503 496 507 568
123 2026-09-01T18:01:46.712 506 497 506 568
124 2026-09-01T18:01:46.732 509 496 512 564
125 2026-09-01T18:01:46.752 502 497 508 565
126 2026-09-01T18:01:46.772 507 496 508 567
127 2026-09-01T18:01:46.792 509 497 508 567
128 2026-09-01T18:01:46.812 506 497 506 567
129 2026-09-01T18:01:46.832 508 497 504 562
130 2026-09-01T18:01:46.853 506 498 507 566
131 2026-09-01T18:01:46.873 507 498 507 566
132 2026-09-01T18:01:46.892 499 493 509 566
133 2026-09-01T18:01:46.913 507 497 506 564
134 2026-09-01T18:01:46.933 502 499 505 567
135 2026-09-01T18:01:46.953 505 495 507 568
136 2026-09-01T18:01:46.973 509 496 510 561
137 2026-09-01T18:01:46.994 503 499 512 564
138 2026-09-01T18:01:47.014 504 497 507 594
139 2026-09-01T18:01:47.034 501 492 512 567
140 2026-09-01T18:01:47.054 506 498 512 567
141 2026-09-01T18:01:47.074 503 498 507 567
142 2026-09-01T18:01:47.095 507 499 504 565
143 2026-09-01T18:01:47.114 505 495 509 567
144 2026-09-01T18:01:47.135 506 495 508 566
145 2026-09-01T18:01:47.155 507 494 506 565
146 2026-09-01T18:01:47.175 499 498 512 561
147 2026-09-01T18:01:47.195 507 496 506 565
148 2026-09-01T18:01:47.215 507 495 509 567
149 2026-09-01T18:01:47.235 508 503 509 567
150 2026-09-01T18:01:47.256 506 495 509 564
151 2026-09-01T18:01:47.276 509 497 510 562
152 2026-09-01T18:01:47.296 507 498 512 566
153 2026-09-01T18:01:47.316 509 496 510 565
154 2026-09-01T18:01:47.336 507 496 503 567
155 2026-09-01T18:01:47.356 505 496 507 568
156 2026-09-01T18:01:47.377 507 495 508 567
157 2026-09-01T18:01:47.396 507 496 509 568
158 2026-09-01T18:01:47.417 502 495 507 566
159 2026-09-01T18:01:47.437 507 496 512 568
160 2026-09-01T18:01:47.457 508 498 509 566
161 2026-09-01T18:01:47.477 507 495 508 565
162 2026-09-01T18:01:47.497 505 497 502 569
163 2026-09-01T18:01:47.517 509 500 506 568
164 2026-09-01T18:01:47.538 506 500 507 566
165 2026-09-01T18:01:47.558 505 497 506 568
166 2026-09-01T18:01:47.578 508 495 510 567
167 2026-09-01T18:01:47.598 507 496 506 568
168 2026-09-01T18:01:47.618 507 498 512 563
169 2026-09-01T18:01:47.638 508 495 507 568
170 2026-09-01T18:01:47.659 509 495 508 565
171 2026-09-01T18:01:47.679 507 497 508 568
172 2026-09-01T18:01:47.699 508 496 508 565
173 2026-09-01T18:01:47.719 507 498 510 566
174 2026-09-01T18:01:47.739 506 491 512 564
175 2026-09-01T18:01:47.760 507 497 509 568
176 2026-09-01T18:01:47.780 505 496 504 568
177 2026-09-01T18:01:47.799 504 497 508 564
178 2026-09-01T18:01:47.820 507 497 508 566
179 2026-09-01T18:01:47.840 507 496 510 568
180 2026-09-01T18:01:47.860 510 495 509 563
181 2026-09-01T18:01:47.880 506 496 508 567
182 2026-09-01T18:01:47.901 502 498 507 566
183 2026-09-01T18:01:47.921 506 495 507 565
184 2026-09-01T18:01:47.941 508 499 509 567
185 2026-09-01T18:01:47.961 507 496 510 566
186 2026-09-01T18:01:47.981 508 497 509 565
187 2026-09-01T18:01:48.002 508 501 503 568
188 2026-09-01T18:01:48.022 506 496 508 565
189 2026-09-01T18:01:48.042 509 496 504 568
190 2026-09-01T18:01:48.062 506 496 507 566
191 2026-09-01T18:01:48.082 507 496 507 567
192 2026-09-01T18:01:48.102 507 497 509 565
193 2026-09-01T18:01:48.122 506 496 509 567
194 2026-09-01T18:01:48.142 504 497 507 564
195 2026-09-01T18:01:48.163 505 497 507 568
196 2026-09-01T18:01:48.183 507 498 506 568
197 2026-09-01T18:01:48.203 507 497 509 569
198 2026-09-01T18:01:48.223 503 503 510 568
199 2026-09-01T18:01:48.243 497 503 509 573
200 2026-09-01T18:01:48.264 506 475 559 534
201 2026-09-01T18:01:48.284 505 475 551 534
202 2026-09-01T18:01:48.304 497 482 557 520
203 2026-09-01T18:01:48.324 498 507 555 519
204 2026-09-01T18:01:48.344 491 496 564 520
205 2026-09-01T18:01:48.364 491 503 558 552
206 2026-09-01T18:01:48.385 473 502 558 551
207 2026-09-01T18:01:48.405 477 502 557 550
208 2026-09-01T18:01:48.425 475 500 558 546
209 2026-09-01T18:01:48.445 470 506 562 545
210 2026-09-01T18:01:48.465 499 500 562 551
211 2026-09-01T18:01:48.485 491 503 566 547
212 2026-09-01T18:01:48.506 492 502 563 552
213 2026-09-01T18:01:48.526 487 503 562 545
214 2026-09-01T18:01:48.546 485 500 561 552
215 2026-09-01T18:01:48.566 483 504 558 548
216 2026-09-01T18:01:48.586 478 499 561 552
217 2026-09-01T18:01:48.606 483 501 563 545
218 2026-09-01T18:01:48.627 473 502 562 547
219 2026-09-01T18:01:48.646 477 497 564 549
220 2026-09-01T18:01:48.667 475 500 561 548
221 2026-09-01T18:01:48.687 475 501 565 545
222 2026-09-01T18:01:48.707 467 500 560 545
223 2026-09-01T18:01:48.727 471 503 562 548
224 2026-09-01T18:01:48.748 470 496 569 552
225 2026-09-01T18:01:48.767 460 493 574 546
226 2026-09-01T18:01:48.788 458 491 541 551
227 2026-09-01T18:01:48.808 456 471 565 540
228 2026-09-01T18:01:48.827 470 528 518 584
229 2026-09-01T18:01:48.848 539 578 437 542
230 2026-09-01T18:01:48.868 544 526 443 584
231 2026-09-01T18:01:48.888 469 536 544 572
232 2026-09-01T18:01:48.908 547 504 553 463
233 2026-09-01T18:01:48.928 496 522 463 429
234 2026-09-01T18:01:48.949 539 518 467 444
235 2026-09-01T18:01:48.969 463 488 470 445
236 2026-09-01T18:01:48.989 497 555 478 449
237 2026-09-01T18:01:49.009 525 531 488 448
238 2026-09-01T18:01:49.029 517 506 517 439
239 2026-09-01T18:01:49.049 521 530 497 440
240 2026-09-01T18:01:49.070 473 521 495 446
241 2026-09-01T18:01:49.090 477 497 490 449
242 2026-09-01T18:01:49.110 469 503 505 450
243 2026-09-01T18:01:49.130 470 524 513 458
244 2026-09-01T18:01:49.150 479 520 495 460
245 2026-09-01T18:01:49.170 478 537 516 471
246 2026-09-01T18:01:49.191 479 528 493 480
247 2026-09-01T18:01:49.211 477 508 496 490
248 2026-09-01T18:01:49.231 479 512 528 494
249 2026-09-01T18:01:49.251 475 498 512 471
250 2026-09-01T18:01:49.271 472 508 488 487
251 2026-09-01T18:01:49.292 475 528 519 514
252 2026-09-01T18:01:49.312 469 507 491 508
253 2026-09-01T18:01:49.332 462 513 512 536
254 2026-09-01T18:01:49.352 448 512 493 538
255 2026-09-01T18:01:49.373 435 514 512 555
256 2026-09-01T18:01:49.392 461 504 495 556
257 2026-09-01T18:01:49.413 465 500 505 565
258 2026-09-01T18:01:49.433 451 534 498 574
259 2026-09-01T18:01:49.453 453 531 514 579
260 2026-09-01T18:01:49.473 439 496 524 551
261 2026-09-01T18:01:49.493 432 507 494 553
262 2026-09-01T18:01:49.513 418 513 502 563
263 2026-09-01T18:01:49.534 424 527 517 552
264 2026-09-01T18:01:49.554 446 513 513 580
265 2026-09-01T18:01:49.574 458 493 504 566
266 2026-09-01T18:01:49.594 469 491 513 564
267 2026-09-01T18:01:49.614 507 508 526 566
268 2026-09-01T18:01:49.635 561 533 494 565
269 2026-09-01T18:01:49.655 483 507 488 556
270 2026-09-01T18:01:49.675 548 529 491 550
271 2026-09-01T18:01:49.696 556 489 487 534
272 2026-09-01T18:01:49.716 572 491 488 549
273 2026-09-01T18:01:49.735 568 478 503 539
274 2026-09-01T18:01:49.756 555 489 486 541
275 2026-09-01T18:01:49.776 509 524 533 515
276 2026-09-01T18:01:49.796 533 535 436 470
277 2026-09-01T18:01:49.817 526 544 548 535
278 2026-09-01T18:01:49.836 544 548 439 532
279 2026-09-01T18:01:49.856 551 539 569 493
280 2026-09-01T18:01:49.877 544 544 517 492
281 2026-09-01T18:01:49.897 551 560 432 488
282 2026-09-01T18:01:49.917 543 563 467 489
283 2026-09-01T18:01:49.938 548 565 540 488
284 2026-09-01T18:01:49.957 545 557 539 487
285 2026-09-01T18:01:49.978 550 554 542 492
286 2026-09-01T18:01:49.998 551 553 513 490
287 2026-09-01T18:01:50.018 552 555 460 491
288 2026-09-01T18:01:50.038 553 554 455 487
289 2026-09-01T18:01:50.059 546 556 466 485
290 2026-09-01T18:01:50.078 549 550 473 489
291 2026-09-01T18:01:50.099 548 550 499 465
292 2026-09-01T18:01:50.119 548 552 538 464
293 2026-09-01T18:01:50.139 552 555 544 471
294 2026-09-01T18:01:50.159 548 551 562 470
295 2026-09-01T18:01:50.179 549 550 547 473
296 2026-09-01T18:01:50.199 552 553 553 467
297 2026-09-01T18:01:50.219 549 550 547 478
298 2026-09-01T18:01:50.239 551 554 549 483
299 2026-09-01T18:01:50.260 551 556 549 485
300 2026-09-01T18:01:50.280 548 556 549 484
301 2026-09-01T18:01:50.299 550 552 553 485
302 2026-09-01T18:01:50.320 547 557 546 492
303 2026-09-01T18:01:50.340 549 556 550 493
304 2026-09-01T18:01:50.360 554 559 549 488
305 2026-09-01T18:01:50.380 555 553 550 489
306 2026-09-01T18:01:50.400 553 553 546 486
307 2026-09-01T18:01:50.420 551 556 546 487
308 2026-09-01T18:01:50.441 552 557 542 493
309 2026-09-01T18:01:50.461 549 557 542 486
310 2026-09-01T18:01:50.481 553 557 547 488
311 2026-09-01T18:01:50.501 546 559 547 488
312 2026-09-01T18:01:50.521 548 555 545 488
313 2026-09-01T18:01:50.541 581 559 544 490
314 2026-09-01T18:01:50.561 555 556 541 488
315 2026-09-01T18:01:50.581 551 554 539 488
316 2026-09-01T18:01:50.602 552 559 579 486
317 2026-09-01T18:01:50.622 551 561 541 488
318 2026-09-01T18:01:50.641 550 558 540 487
319 2026-09-01T18:01:50.662 552 558 540 487
320 2026-09-01T18:01:50.682 551 562 542 487
321 2026-09-01T18:01:50.702 552 562 541 485
322 2026-09-01T18:01:50.722 548 562 541 488
323 2026-09-01T18:01:50.742 550 560 538 488
324 2026-09-01T18:01:50.762 549 562 576 489
325 2026-09-01T18:01:50.783 550 562 541 488
326 2026-09-01T18:01:50.803 550 557 576 487
327 2026-09-01T18:01:50.823 549 555 541 485
328 2026-09-01T18:01:50.843 551 555 522 487
329 2026-09-01T18:01:50.863 553 560 540 484
330 2026-09-01T18:01:50.884 551 563 541 487
331 2026-09-01T18:01:50.904 551 562 579 491
332 2026-09-01T18:01:50.924 549 561 579 487
333 2026-09-01T18:01:50.944 552 560 540 487
334 2026-09-01T18:01:50.964 552 561 540 489
335 2026-09-01T18:01:50.984 548 562 541 487
336 2026-09-01T18:01:51.005 548 560 578 486
337 2026-09-01T18:01:51.025 553 560 578 486
338 2026-09-01T18:01:51.045 554 561 577 489
339 2026-09-01T18:01:51.065 548 557 540 486
340 2026-09-01T18:01:51.085 554 557 541 490
341 2026-09-01T18:01:51.105 548 552 539 485
342 2026-09-01T18:01:51.126 549 562 576 535
343 2026-09-01T18:01:51.146 549 560 540 489
344 2026-09-01T18:01:51.166 551 558 540 486
345 2026-09-01T18:01:51.186 548 562 539 486
346 2026-09-01T18:01:51.206 550 560 577 488
347 2026-09-01T18:01:51.226 551 556 578 488
348 2026-09-01T18:01:51.247 549 560 577 489
349 2026-09-01T18:01:51.266 553 561 540 487
350 2026-09-01T18:01:51.287 549 558 541 485
351 2026-09-01T18:01:51.307 550 561 540 487
352 2026-09-01T18:01:51.327 550 555 580 487
353 2026-09-01T18:01:51.347 549 556 497 489
354 2026-09-01T18:01:51.367 549 559 576 492
355 2026-09-01T18:01:51.388 554 562 540 489
356 2026-09-01T18:01:51.408 548 561 577 487
357 2026-09-01T18:01:51.428 549 562 577 489
358 2026-09-01T18:01:51.448 549 563 540 493
359 2026-09-01T18:01:51.468 549 563 540 486
360 2026-09-01T18:01:51.488 549 562 569 487
361 2026-09-01T18:01:51.509 547 560 576 486
362 2026-09-01T18:01:51.529 553 562 578 487
363 2026-09-01T18:01:51.549 549 562 541 485
364 2026-09-01T18:01:51.569 548 555 539 487
365 2026-09-01T18:01:51.589 548 562 553 486
366 2026-09-01T18:01:51.609 551 560 580 485
367 2026-09-01T18:01:51.630 549 556 540 487
368 2026-09-01T18:01:51.650 549 562 539 487
369 2026-09-01T18:01:51.670 548 563 540 486
370 2026-09-01T18:01:51.690 549 555 537 491
371 2026-09-01T18:01:51.710 550 557 577 486
372 2026-09-01T18:01:51.730 549 558 576 486
373 2026-09-01T18:01:51.750 549 562 576 487
374 2026-09-01T18:01:51.770 552 560 539 485
375 2026-09-01T18:01:51.790 550 562 542 487
376 2026-09-01T18:01:51.811 548 554 540 486
377 2026-09-01T18:01:51.831 548 555 574 488
